4027
280
667
43157
65
1455
88
1160
619
20014
256
1871
198
7653
11007
253
1666
948
14260
1960
1678
995
155
77
57
164
93
63
567
95
77
111
119
62
1012
570
64
2957
525
78539
342
140
121
674
134
4044
90
281
288
96
713
63
60
112
634
246
519
23369
1502
81
511
975
104
2543
59
125
190
1898
191
56
103
65
73
269
349
53
151
241
407
100
234
443
274
88
230
1908
390
1329
216
255
91
56
398
340
151
83
78
185
1614
84
177
64
148
162655
1146
1055
221
4368
81
146
329
483
329
176
220
157
2434
78
71
10133
132
672
151
180
56981
1926
181
111
126
556
75
75
69
717
101
102
3430
81
70
55
72
13438
1516
2989
394
86
2665
60
735
62
810
432
286
1047
113
236
69
133
4565
66
375
61
147
3847
51
273
267
80
109
95
143
189
1111
82
13718
674
19178
135
722
118
972
143
476
132
12569
712
432
154
1863
941
149
53
100
7821
113
141
80
219
9193
9539
705
58
96
3155
299
100
59
75
13260
56232
267336
1541
999
4802
53
173
653
198
147
47450
72
478
1434
8092
390
120197
104
54
58
193
1096
166
108
155
471
159
11518
460
1375
3335
105
65
445
212
103
926
362
181
125
78
59
246
333
114
73
418
473
635
919
304
91
113
201
994
568
108
139
70
91
286
254
250
69
697
223
267
112
718
129
297
348
152
621
547
8867
106
149
410
61
819
4052
203
153
82
272
68
143
63
188
345
278
52
88
57
87
61
54
768
160
181
135
578
3251
100
111
311
124
1282
106
102
70
108
419
604
595
86
200
259
275
151
1079
1348
92
107
17049
108
222
428
9637
262
835
211
411
2540
87
1989
465
87
65
2692
130
151
145
136
70
402
4321
101
57
89
162
177
367
82
51
169
56
344
187
162
66
104
318
59
32308
126
400
263
164
70197
166
390
55
972
64
180
167
303
225
341
116
58
143
1795
2804
10157
132
2348
171
124
202
103
565
1932
125
59
100
533
51
70
1288
62
152
76
90
3117
3809
130
70
682
174
134
1179
68
111
514
72
55488
287
3832
480
208
353
1867
107755
115
88
7290
155
3030
157
4731
605
97633
64
2678
85
1201
199
1369
2411
7263
284
57529
690
619
38241
216
243
3488
105
171
122
5613
296
188
290
115
150
115
102
115
6640
746
571
87
59
3428
51492
420
99
173
136
65
486
53
2373
285
99
941
54
12575
279
220
1697
57
65
63
187
261
87
163
59
538
478
53
512
1391
65
438
161
81
127
126
466
226
276
79
359
187
310
8845
105
104
1723
2216
368
130
203
218
160
154
144
400
87
486
138
161
78
525
236
93
122
350
264
116
410
481
127
214
1072
4593
52
151
583
3414
5704
63
55
163
71
52
7063
171
510
1620
23110
13206
227
246
57997
141
405
407
211
299
232
71
3514
377
258
94
4482
66
111246
236
183
485
1248
1480
84
53
12334
4250
56
6767
10157
238
352
119
473
2014
58
385
198
1532
13266
188
592
147
52
100
586
126
125
191
1797
117
133
71
1467
1587
91
1752
688
92
36825
74
257
69
56
155
530
75
214
233
75
118
56
54
222
2307
169
124
74
60
68
393
76
789
468
51
157
420
6108
21826
377
265
119
136
405
10025
111435
128
165
505
67
2994
415
67
114
715
5679
83
55
290
318
255
101
1202
119
68
455
341
52
5691
1611
1454
468
116
113
414
87
300
63
340
2056
135
91
1260
11321
355
69
302
431
327
732
96
71
53
866
96
214
73
188
714
77
149
118
54
147
124
69
53
789
195
71
98
145
261
376
57
193
127
250
2207
113
261
144
113
60
82
555
364
485
64
119
135
350
696
67
3358
103
316
101
64
167
4436
8959
51
1419
50523
94
788
185
133
424
2808
59
87
757
1318
429
58
189
1092
243
4025
143
5468
7437
130
125
1084
2202
265
247
253
58
67
63
525
194
86
168
419
1688
249
71
89
68
304
3888
144
601
290
176
470
361
32464
670
370
198
625
100
333
55
105
817
70
93
1103
274
118
317
109
418
63
436
73
164
265
1205
57
600
103
66
433
59
489
7406
54
141
365
1043
99
749
26866
355
119
355
1748
168
348
2707
1264
751
1627
91
1572
417
836
58
249
95
1849
279
145
74
70
102
428
5182
56
65
65
248
158
77
2033
850
577
182
349
543
517
510
3185
674
52
420
155
7804
4403
90
12800
170
492
501
172
80
91
1998
202
88
53
148
625
53
5791
76
1599
37994
304
519
1246
112
336
187
635
89
316
77
245
64134
1580
227
10714
102
149
149
259522
56
1561
94
87
1642
366
178
2563
228
363
475
272
300
911
98
124
279
4411
54
666
557
64
481
90
525
55
143
269
90
664
350
2051
65
64
57
1020
69
167
1762
437
199
538
142
187
57
1666
53
3688
62
74
92
54
78
105472
162
121
186
469
131817
69
115
398
373
189
686
151
1798
947
6484
254
26364
53
14576
98
151
56
109
207
9639
71
128
393
676
79
2873
1334
80
71083
1950
5805
574
580
62
1985
168
620
1411
490
78
412
298
97
60
242
326
786
51
219
332
386
52
126
83
52
5080
63
712
1000
3672
2973
11260
217404
144
1074
70684
402
86
291
42676
181
164
115
283
2073
56
231
137
106
8741
614
324
1727
171
135
201
1650
105
249
7420
158
131
272
311
767
9492
52
51
55
1351
4188
90
163
87
80748
116
724
79
62
11532
183
1875
68
63
66
419
1088
71
916
6952
145
76
214
108
337
81
232
241
397
173
1112
331
806
51
99
64
1642
3056
32337
120051
64
534
133
958
1499
260
735
794
183
1991
132
80
141
799
214
357
68
115
179
98
2644
90
106
66
82
679
352
192
314
163
414
17011
178
58
125
291
233
4590
303
240
7456
234
192
214
215
499
17079
1863
202
214
223
2038
13655
108
24392
2697
87451
187
898
144850
81
118
246
98
86
1853
105
479
86
239
1468
296
430
98
18898
284
1168
89
697
119
460
6634
1036
19390
959
176
1342
387
52
202
75
878
25310
55
78
355
734
58
88
79526
61
198
116
454
61
155
527
1998
98
73
113
2513
1939
71
377
89
622
758
117558
964
73
145
286
65
72
331
52
83
91
378
2671
277
115
109
297
1003
56
123
60
62
65
96
809
943
1654
109
44403
4006
290
72
290
64
98
9142
10463
100
60
78
73
361
1405
80
195
271
402
65
14434
64
110
2342
262
74
207
1819
52
334
220
311
596
796
488
27413
105
642
108
177
97
166698
79
1162
73
310
392
64
248
172
1496
61
296
112
98
212
3094
244
59
750
12225
3425
120
422
259
94
56
92
188
268
124
172
83
66
160
60
161372
223
61
311
55
420
7583
1445
56
1143
5210
640
13298
147
1473
441
71
349
164
61
156
863
1992
52
12730
524
346
536
91
218
56
56
68
169
382
155
1895
218
170
2530
987
164
305
138
867
74
907
545
251
56
80
201
226
581
1501
84
57
64
88
21236
119
106
96
242
213
32114
209
82
88
441
125
551
56
92
342
76
97
2105
252
119
253
377
674
32798
83
2170
1739
3869
1055
272
95
54
22529
94
463
1285
173
621
4712
104172
111
164
83
123
61
999
233
65
338
111
187
58
224
200
224
119
69
288
172
136
65
433
135
521
111140
75
154
269
140
618
67
394
84
494
2667
785
154
64
95
74
55
3331
173
3045
852
972
18347
131
58
97
123929
259
6495
94
106
172
1447
474
1246
2691
155
452
2291
239
55
132
106
137
51
7487
431
197
72
83
81
962
52
67
5356
56
83
56
77
147
5651
64
1084
12571
455
27738
7201
63
2834
577
87
288
99
277
936
72
104
51243
104668
65
410
943
60
1872
52
366882
6458
7819
779
1374
70
405
269
217
166
101
445
117
571
81
21429
682
108
1135
143
171
273
312
155
145
764
646
466
82
893
625
6971
4467
334
55
197
160
28469
67
107
838
1220
1078
388
624
76
1815
107
259
241
198
96
70
169
460
2770
243
2983
155
311
78
4236
599
239
62
109
162
71
57
889
636
93153
55
261
343
1414
2382
292
180
6944
466
266
148
226
62
1267
337
181
358
82
1682
595
339
4717
11939
126
763
230
364
913
27772
66
1194
312
133
429
52
237
133
4182
81
3879
4169
97
74
1438
185
419
110247
105
508
5790
119
17510
109
100
571
13694
3932
4590
12751
392
126
453
537
168
53
163
62
17298
100
571
56
69
52
251
256
52
705
3287
62
101
580
389
634
387
809
67
74
2094
261
71
2228
719
110
39092
84
13613
83
117
1189
205
3416
11930
211
395
110
3478
1241
171
911
48611
665
69
344
15842
479
10452
73
203
11824
335
418
265
66
74
95
70
428
55152
1689
232
74
59
914
69
83
153
672
799
61647
115
72
113
319
136
224
1415
8381
9149
58
221
4219
91
224
1712
8274
717
2256
934
148
140
399
1477
59
158
98
5903
174
3246
113
1762
8408
244
122
309
653
111
992
866
156
1099
119
72
100337
9701
443
73
671
195
2344
7197
140
1449
26553
145
2941
1176
157
563
78613
192
678
76
265
128
2505
58
1151
1746
55
21903
101
315
109
537
1567
530
83
11093
354
162
6293
291
87
60
81
107
65319
353
1819
205
22847
59
661
1558
46498
1205
57
209
22808
201
1281
717
58
2779
199
52
56
90
215
79
119
62
165
1282
1624
207
551
54
53
112
565
184
485
206
209
56
84
65
579
62
161
175
307
53
128
83
308
344
181
58
191
60
54
120
846
504
70
211
254
75322
111
77
614
223
172
402
2912
562
84
520
91
589
1074
170
90
98
59
351
190
400
540
69
148
723
878
5820
77
273
55
2037
1413
788
286
131
341
744
263
1114
168
8480
87
152
411
245
659
77
221
223
222
1862
83
85
71
148
852
83
6709
65
160
7026
207
216
17287
953
71
402
51
6258
437
176
169
79
303
57509
75
1122
2031
108
7472
4477
744
277
192
10544
414
355
40908
172
226
3253
554
570
623
1877
699
530
3431
4473
103
906
118
70
1492
6125
255
398
3481
6914
88
331
1285
280
4249
477
440
166
84
120
146
86
158
715
990
1191
238
143
2743
725
207
75
10268
531
110
419
1412
459
1891
76
200
358
140
143809
91
63601
134
98
264
5572
111
5499
1042
63
2411
4756
72
125
488
3894
159
54
556
223
123
295
155
1066
21500
78
196
130
309
107
168
86
76
50053
171
23985
147
498
513
806
3536
194
92
969
1182
7081
182
3516
57
243
379
407
158
6342
10188
432
222
81
24139
173
510
74
191
152
1834
173
80
2090
17837
152
56
212
62
487
350
383
25519
202
6458
200
110
3796
340
1133
663
5305
115604
167
371
72
108
1022
88
79
130
298
134
285
92
187
67
81
227
2127
516
81
144
526
186
54
186
109
127
69
398
157
124
97
216
2311
51
1240
331
71
292
19417
96
100
77400
121
4588
57
54
1643
51979
172
144
206
105
79
58
1588
63
113
73
2114
13078
90
608
209
241
666
115
42568
60
443
146
165
8772
51
1153
53
1569
4148
182
246
93
64
187
733
71
548
58
1384
67
288
181
116
450
2391
24111
130
678
288
245
134
67
234
626
198
87495
437
2017
21594
287
1162
78
132
450
248
420
1087
580
150
109
2416
509
72
71
19818
52
359
2497
132
6768
262
1483
61
420
73
292
640
111
50806
354
448
68
91
462
97
54
1120
1620
2099
240
94
35453
67
1892
670
187
85
154
594
86
161
56
270
193
100
257
2569
823
186
320
1319
852
232
41583
927
110
826
228
2307
353
187
91
285
1606
267
271
73
97
67
210
369
77
10770
833
143
2472
68
122
73
224
125
206
55
306890
68
705
291
832
876
1584
1951
473
161
60
769
67
257
123
3233
147
178
10358
71
177
138
370
88
2319
95
376
184
236
218
38202
522
81
522
109
105
20103
999
573
29490
396
119
900
1416
99
76
163521
52
2785
101
97
72
222
64
1443
213
443
156
127
59106
211
53
55301
1835
133
282
56
171
57
310
244
459
131
271
114584
55
63
130
1083
115
80
1552
62
96
145
58
97
862948
139
159
1393
264
144
86
487
388
120
58
417
217
560
124
311
380
232
165
102
98
299
51
123
80
60
4705
867
489
13967
359
57
58375
203
10951
36613
141
5932
214
58
806
99
463
3227
2001
75
1192
19403
26403
83
1194
3291
120
1103
52
7736
687
108
322
170
95
72
2782
107
160
964
259
268
59
308
5517
390
70
175
623
1665
136
77
70
1162
152
2159
102
52
247
1909
127
218
2597
326
555
159
58
110
4766
76
108
55
65
87
428
72
110
244
135
1164
90
268
86
3478
78
546
670
201
169
73
342
76
306
462
164
392
176884
1622
9598
171
108
368
205
83
3826
250
62
3861
76
53
135
86
1286
230
93540
589
380
166
254
15472
83
170
154
273
998
92
183
3423
189
104
70
79
53
248
241
16344
4010
153
3494
56
2610
122
123
655
180
92
75
92
147
329
145
203
90
85
65
128
588
104
991
487
2099
51
57
15269
270
64
64
75
68
125
70
7017
859
1094
1355
433
61
1491
2851
1892
79609
377
123
137
97
3726
101
188
2009
361
157
33156
181
511
96
152
15152
775
18433
171
118
188
300
4690
850
231
71
449
70
151
121
671
147
65
1467
374
11532
911
3956
78264
272
194
53
154
56
496
391
893
84
160
73
55
938
322
26863
6386
710
257
165
172
131
197
107
81
502
17897
111
92
1556
269
83
62
108
85
221
52
5317
259
199
106
619
4141
588
284
33048
562
368
825
1119
21311
183
67
1147
1531
146
97
135
76
2092
120
1986
143
830
96
142
60
733
1528
274
204
4980
59
125
221
125
330
907
489
56
63
303
78
148
13250
69
161
241
183
381
1759
282
59
105
713
19018
95
267
339
201
345
27551
88
288
6837
59
258
19588
453
4601
81
299
581
3162
119
139
383
307
57
438
1081
157
378
29137
86
284
5087
129
55
72
108
17788
162
329
193
64
65
117
319
65
137
384
68
152
60
176
151
62
93
152
285
61
256
3390
58
89
171
91
206
56
96
432
114
70
710
1112
173
481
438
67
125
160
61
133
107
227
95
256
787
420
558
110
57
1111
795
54
58
136
228
103
342
781
182
496
169
69
141
113
910
52
93
95
177
4048
100
589
53
255
54
431
241
539
360
111
56
11433
60
2013
124
1579
480
577
3290
193
81
527
72615
66
141
55
84704
2076
143
96
60
178
202
5061
1007
372
76
191
83
381
5905
54
347
432
236
164
56
176
187
57
267
218
219
266
122
1807
111
174
753
220
51
70
54
325
3120
333
3815
291
136
20695
170
108
192
81
277
1826
92
56
51
376
82
51
606
3809
87
458
179
82
106
64
215
5279
152
972
256
2666
1196
84
68
1485
132
19862
100
112
88
3372
390
215
191
309
2985
63
145
1964
232
51
330
218
64
530
242
7640
114
20035
288
96
70
162
346
247
97
62
11606
60
190
110
104
463
131
9455
126
395
863
56
66
155
173
889
1635
2026
1153
155
2883
121
2487
258
139
62
6648
94
54
480
83
1242
53
133
70
104
27197
2727
194
1540
14403
71
105
102
95
328
301
52
1555
615
238
257
77
113
111
119
143
39311
95
97
400
1395
56
1116
9199
65
1892
569
847
1330
168
1242
118
353
177
134995
121
397
294
222
52
113
4563
408
565
917
7986
144
441
5268
264
1158
18796
62
1454
108
208
1178
52
806
265
51
51
2332
141
350
6487
301
483
65
709
163
64
98
60
1500
89785
2685
69
71
60
59
155
239
115
197
262854
443
64
88
489
74
76
1755
1069
318
243
101
193
32162
961
150
112
203
52
23104
15273
183
81
660
86
304
649
111
1063
79
138
481
656
463
505
24865
87332
56
240
265
1746
252
53
117
79
96
218
58
742
749
11039
750
65
104
62
151
144
84
902
115
87
150
421
329
93
87
103
15166
73
272
284
72
1661
53
919
197
220
984
702
100
520
61
248
260
135
493
410
53
183
753
71
299
115
725
95
227
12084
23709
721
440
58
215
119
169
603
104
287
91
248
55477
72
613
3137
174
51
83
69
2192
10109
66
694
76
63
92
17105
338
1840
172
549
30182
174
178
1840
153
80
195
3516
96
969
80
94
139
386
392
192
209
35348
262
102
146
153
53
90
172
731
115
1471
348
1570
163
54
167
9439
174
53
135
388
89
282
64
4302
130
112
349
170
248
435
61
147
1744
266
99
77737
55
1369
1663
127
569
569
313
166
31979
1487
531
272
61
69
89
102
804
175
94
927
392
226
89
52
75
351
793
73
8760
2248
152
58
450
639
249
331
66
139
607
89
72
102
2872
214
142
196
65
100
67
229
159
370
114
78
89
186
953
2009
1253
73
71
699
232
145
788
313
55
523
108
426
60
999
245
112
532
2676
249
315
2001
69
3253
260
78
80
207
332
142
75
213
388
325
2293
1746
100
67
76
83
1514
130
69
84
55
159
97
418
298
476
457
70
157
2277
367
1411
178
768
27646
92
231
106
202
1412
77
1128
57
191
104
123
409
247
473
115
583
503
502
46488
178
74
67
3369
172
132
1212
401
102
1815
100
1391
222
96
53
880
56
93
71
181
104
165
22054
138
451
115
575
181
55
349
134
353
1568
1851
75
209
578
1366
11620
342
53
862
339
703
67
120
57
290
3899
69
254
566
755
88
184
377
84
83
102
18377
309
131
3320
239
151
96
167
337
424
2165
89
912
51
59
65
181
116
233
199
1385
62828
34956
351
1176
136
529
161
294
51
438
9366
535
57
212
117673
62
187
572
1483
87
30915
710
799
548
317
197
169
301
424
69
97
58
807
13031
531
158
240
51
73
88
155
56
193
479
60
127
126
86
219
110
152
89
178
64
95
64
3067
175
120
5076
437
141
311
4325
92
366
177
254
374
176
747
2198
51041
385
195
165
73
84
156
101
26716
211
67
75
236
117
79
16546
9276
1917
2207
72
136
86
80
71
57
208
60
83
92
64
440
84
118
85
108
66
2191
187
2153
194
68
115
363
145
69
100
60
774
4586
784
575
114
169
151
72
81
254
2765
366
182
5309
77
6774
491
133
712
87
71
76
57
696
196
70
257
289
789
622
51
160
199
392
89
283
726
257
1309
61
2444
72
1529
2875
51
2534
53
99
66
