7359
82
125
3618
905
62
90
1369
8810
1069
280
57
88
405
68
131
7384
101
336
60
931
236
846
135
119
98
489
348
7403
123
1047
128
2557
224
150
120
97
221
253
69
69
143
119
2049
2508
84
111653
108
816
151
1354
174
178
366
1517
737
143
82
650
216
314
12515
17617
147
515
142
184
317
2138
81
317
975
49201
1091
202
80
362
530
4296
18051
1205
669
175
664
215
496
202
56
964
570
4993
160
2004
454
260
62
3069
1108
156
78
109
115
54
203
5986
3905
631
172
55
78
80
115
902
20906
869
101
167
92
149
123
79
51
2438
63
149
63
87
678
68
171
54
100
99
192
258
6920
58
200
183
197
57
2317
271
81
737
46204
3630
455
6795
922
113
134
855
95
582
423
132
359
60
44734
418
4287
1209
52
85
5639
140
75
58
82
99
1133
288
1147
12865
258
803
73
129
147
90
173
93
111
476
1470
261
345
152
517
87
58
2277
931
56
56
278
139
412
59
74
106
460
210
258
374
15395
92
917
58
618
1333
96
115414
732
502
446
519
761
67
458
146
324
58
204
1920
117
255
231
150
644
266
128
82
129
113
327
113
103
4274
194
115
326
138
57
516
85
9829
359
214
1147
2712
65
299
5100
77
463
377
320
53
1316
74
143
705
121
600
105
72
304
125
52
118
91
278
3899
196
76
99
51
382
469
507
84
202
64
606
51
287
2422
99
567
198
243
168
313
357
268
68
55
76
270
19172
173
100
1212
517
448
123
31186
391
1111
1083
8436
53
2061
54
364
89
858
51
175
124
243
53
32855
64
248
117
81
417
138
926
919
80
1101
10055
54
433
95
414
176
74
336
1851
687
562
357
266
119
54
104
84
918
157
107
9501
2102
3387
84
148
588
52
1179
671
361
109
125
69
69
109
115
66
102
4476
491
464
129
199
97
53
780
2955
65
213
184
150
655
3973
678
767
781
74
76
183
85
121
53
121
354
57
60
179
59
157
153
752
571
131
7532
2667
1075
911
290
64
1277
2302
213
361
758
54
265
233
62
2239
69
427
204
191
171
1456
70
589
340
335
186
274
182
98
140
294
112
371
51
1082
112
3806
2504
424
58
266
104
5179
466
426
126
694
225
177
9342
57
389
266
119
80
207
87
100
71
58
972
71594
51
54
815
235
63
81
243
934
3060
3740
714
154
257
106
529
1947
1515
74
206
112
77
704
66
73
299
842
5237
1077
1113
58
767
76
576
100
841
1419
84
161
117
1233
115
79
217
136
236
63
144
93
22109
89
495
83
149
117
187
453
272
201
110
80
210
51
64
293223
9468
42114
56
119
191
1398
56
1240
90
414
33009
56
108
2341
789
2330
112
51
3865
204
590
124
108
165
3060
590
425
1024
966
83429
3903
259
123
52
4724
23636
629
77
51
164
118
1875
88
8103
60
159
147
133
51
72
308
1505
166
545
3333
127
104
136
246
82
3003
440
139
141
199
1465
1169
3998
71
228
840
29194
8572
174
929
8148
270
98
651
157
844
31048
196
103
217
1484
263
156
377
345
76
138
460
179
107
212
440
2423
74
203
158
138
65
377
1015
3405
116
128
618
91
216
234
192
243
131
186
72
418
5786
358
51
110
73
181
123
51
254
62
148
445
2048
579
930
227
127
71
67
55
344
325
469
137
276
12217
258
63
66
92
2973
1914
60
125
9292
2915
975
479
8912
1001
84
264
39880
190
455
512
135
160
110
63
159
675
1841
54
1073
193
6469
67379
283
1391
303
83
697
4572
189
1667
165
121
6701
93
51
611
53
227
2133
227
1176
108
59
346
74
234
72
103
92
465
504
296
7180
199
63
305
1194
166
434
51
61
158
178
71
117
86
294
185
6226
1958
738
54
2341
122
731
139
61
142
114
157
136
465
2559
240
82
202
365
835
571
257
783
3999
4551
7574
163
63970
102
262
145
102
439
418
205
125
486
230
643
62
308
1262
80
131
126
8778
297
214
65
104
2366
54
113
348
130
1703
138
2197
449
914
66
850
338
100
144
161
3603
62652
3454
155
515
1199
11196
127
82
123
64
304
169
102
9822
2385
18012
222
23222
86
56
811
307
233
4183
10149
54
456
204
384
414
195401
109
34175
158
441
479
80
531
174
88
7936
223
51
861
333
136
3593
118
850
52
987
109
73
175
182
472
3688
2150
62
474
240
437
256
64
55
55
199
4248
117
161
148
1357
65
621
244
52
90
189
376
603
1972
7147
224
2666
630
125
55
45034
3218
126
55
1266
104
212
66
1017
410
107
101
275
2915
238
113
194
2732
705
62
1043
5042
620
306
837
1225
121
4061
74
2451
3313
61
61
10892
1837
892
135
105
455
253
71
1199
7414
101
607
1119
2923
94
640
1829
758
319
667
531
58
260
140
62
257
100
57
53
1900
233
224
114
52
94
188
335
62
82
158
96
60368
521
755
657
120
74
61
192
52
128
61
6828
159
4540
199
80
90
113
81
61
81
72
441
163
590
172
70
268
194
54
285
147
315
192
307
57
262
681
69
68
122
78
91
174
108
48802
271
127
71
105
123
55
347
141
141
291
1727
83
870
85
299
59
121
18621
1438
62
898
217
70
462
52
578
360
751
369
51
2146
260
152
66
57
266
378
472
135
1661
135
178
255
121
68
779
7802
758
340
296
58
2801
224
134
207
209
711
55
172
359
133
363
72
75
69
618
529
141
60
84
130
61
74
320
2113
746
182
118
822
105
32873
67
56
1026
51
3434
51
6889
109
2341
55
453
115
1240
310
55853
2512
55
204749
498
11285
639
201
342
96
87294
3334
134
2119
96
36040
176
562
5184
60
2341
145
329
991
80
404
581
268
1860
581
1272
238
140
1049
601
559
1884
3476
63
55
261
440
795
303
106
1054
63
214
405
273
54
862
82
81
258
691
245
370
94
959
97
164
4772
1372
67
81
262
54
211
146
579
161
311209
184
171
19512
2965
121
591
258
74
112
88
115
91
319
94
108
325
103
94
174
330
236
14785
350
65
857
211
108
206
244
216
288
193
140
191
67
59
415
83
11277
397
18658
100
324
323
107
288
643
700
192
121
135
91
114
305
16721
110
164
54
237
83
419
128
5278
152
966
4431
1517
210
265
201
1053
80
55
585
1390
311
102
9420
1065
87
773
148
315
85
176
183
5064
593
363
806
336
1432
2295
129
74
78
13513
166
98
1691
189
141
233
525
117
952
126
444
642
177
85
55
1295
244
129
95
80
66
157
169
70
1122
106
2513
1031
258
87
5223
229
182
157
379
127
127
1537
101536
308
68
245
98
2121
5187
204
127758
68
96
225
164
105
137
287
51
22353
382
243
74
210
879
71
55
218
132
679
570
81
100
669
1333
901
223
530
146
1017
956
453
193
999
638
273
147243
200
89
50735
84
117
35583
180
882
151
2472
188
70
57
109
1450
218
111
233
190
110
252
52
674
84
107
230
195
371
544
117
75
147
520
174
97
558
87
60
76
201
906
104
51
3212
276
62
156
1164
1217
136
200
88
270
405
2257
218
85
164
62
19235
51
94
14078
245
180
809
136
285
65
1769
64910
792
188
168
1322
219
57
13067
510
53
485
17137
196
110
361
2251
58
169
113
248
729
147
473
186
514
3260
192
57
185
92
67
355
59
51
616
867
98
164
2065
111
71
51
51
12124
219
346
77
158
75
284
7825
226
13818
2720
10636
140
181
109
2597
1676
59
64
147
70
242
336
1797
236
1627
140
119
648
1627
265
716
163
198
77
6624
119
87
294
80
97
389
106
53
126
884
773
54
71
66069
163
2539
16992
82
238
5526
63
137
442026
298
184
84
97
55
83
379
1086
5069
7315
63
1956
3483
1929
147
135
152
55
173
728
201
53
361
103
1764
116
9354
52
140
10368
6066
32251
103
17815
2968
269
63
1134
1146
166
77
14844
7866
1743
71
74
78
330
57
592
63295
3496
256
883
115
52
631526
62
267
6353
56
14939
5159
1024
349
61
201
437
1326
1121
652
572
793
83
9384
216
269767
287
220
1033
1921
686
383
282
60
5090
75
104
1024
1386
88
401
1487
263
6442
158
649
349
15553
243
754
2044
474
1579
99
1250
81
268
144
61
6494
94
125
52
67
358
241
71
3806
386
1350
102
61
101
63
147
374
113
54
67
85
130
51
49489
78
201
96
479
121
80
3064
51
117
1534
104
640
440
71
241
151
108
301
602
65
144
1272
264
109
63
940
158
103
127
1361
773
54
59
177
250
100
347
228
62
55
98
74
166
377
56
80
3659
134
213
223
179
346
444
5343
128
267
86
54
58
85
84
1198
2100
153
574
91
137
50717
1000
321
310
95
322
79
139
86
118
406
1007
120
86
28868
68
470
108
149
127
320
299
5887
90
639
96
89
174
379
52
1783
485
121
1383
51
72
294
80
143
77
67
343
64
254
74
39074
21717
103
42210
299
121
131
181
657
237
29693
363
16516
146
224
30012
80
51
109
102
4049
199
96
79
630
474
58
171
29870
136
89
61
54
59
675
165
145
513
307
1317
94
178
103
51
538
852
88
66
125
119
141
328
421
1464
52
94
2236
141
129
184
119
139
672
28983
76
1118
645
79
54
1395
90
160
431
8250
57
143
905
76
78
120
561
4046
102
309
384
2248
515
215
104
86
188
151
69
577
4247
77691
573
266
355
78
132
4640
770
810
147
4852
56
53
70
56
449
1311
285
1314
250
145
984
1998
178
62
84
835
124
55
285
1489
2685
112
282
80
54
345
252
17915
59
192
54
6828
2226
267
61
3420
319
103
296
725
61
109
177
7886
214
69
976
195
91
172
827
2292
295
4663
329
116
65
377
104
59
58
52
432
107
592
112
322
277
176
75
145
149
113
11876
124
742
221
81
675
74
276
247
3362
908
290
99
361
414
525
165
97
2657
15255
89
97
6987
73
1277
86
94
84
57
97
52
420
8440
77
70
219
334
26292
154
108
61
21944
2912
70
104
410
139
140
54
54
1422
336
68
64
2858
83
589
72
130
1715
102
9617
115
180
313
123
15641
71
115
104
14303
604
59
61
54
1643
262
54
2828
264
125
81
1681
82
295
117
111
254
105
190
89
606
71
832
26864
136
87
122
64
120
688
645
5881
1693
291
65
134
51
176
2509
1070
1252
56
59
1619
170
328
93
62
254
1977
43567
69
1729
268
148
333
80
1179
10830
514
89
70
621
553
2857
1939
114
4749
866
73
111
2083
23440
127
403
577
206
597
3717
124
122
445
59
110
4349
289
372
202
146
86
262
56
1948
86
62
16672
128
84
934
2994
2927
5048
67
56
57
98
126
478
57
56
755
4284
156
218
673
386
73
622
313
186
4800
291
175
66
1530
75
84
794
202
77
11034
166
7173
53
120
3133
2879
88
99
102
3352
103
296
260
915
7564
233
162
345
833
484
319
2532
13154
6011
936
203
463
58
85
207
193
156
79
3937
1900
147
67
57
1930
1301
73
206
252
3281
31337
292
1963
558
612
139
114
66
153
538
58
362
500
145
115
148
910
664
194
82
123
80
2299
66
105
808
104
1633
185
168
72
397
264
900
439
90
110
877
1485
99
252
1816
162
15067
65
5006
83
72
55
1038
2200
55
334
120
108
69
163
65
333
86
2484
900
912
272
72
136
101
144
1513
79
51
489
70
1050
312
434
140
150
463
1506
171
107
208
341
167
126
139
200
1005
298
295
79
2733
321
483
77
10751
264
231
164
424
30980
228
69
60
403
1107
1280
64
202
69
87
87
1387
11284
51
185
1027
12520
162
169
153
225
104
127
6170
120
150
235
136
1016
195
55
1489
500
412
89
935
96
165
91
245
123
131
120
77
2083
2175
105
12781
2042
103232
181
144
2076
65
231
60
2658
69
252
8464
53
52
443
6927
461
71
6542
37995
233
1504
24871
8078
125
70
70
53
806
624
145
55
669
251
59
105
335
292
166
154
164
1716
130
256
341
123
243
70
221
145
4760
690
131
1260
79
92
51
120
1358
58
66
599
57
99
124
63
481
66
54
143
139
57
929
55
73
77
62
1432
73042
96
107
2559
146
91
97
126
1474
71
142
2731
61
705
351
1027
107
57
675
28182
227
283
416
776
94178
95
91
52
102
64
452
1178
651
71
284
107
2730
537
508
117
105
89
622
369
60
112
97
60
103
1118
393
91
5664
164
102
58
4238
410
151
55
204
606
216
59
404
122
189
99863
731
2437
111
54
66
117
256
325259
606
63
88
294
97
75
209
320
2440
60
56
888
447
71
110
2243
399
279
10286
868
11434
176
51
571
1610
53
881
1013
52
306
132
87
2270
128
1011
55
363
65
6192
110
4615
137
79
84
914
349
6538
584
216
758
76
6297
189
441
761
67316
2223
942
115
354
3165
104
1438
65
844
497
9847
912
68
450
379
83
148
9034
124
1336
426
77
2828
33198
731
204
65
109
88
61
68
55
91
166
61
114
1024
161
154
6615
34715
157
1834
563
546
172
318
59302
445
1089
2308
738
633
545
263
61
51
2109
239
189
2496
146
1004
95
80
60
87
83
215
56
106
379
91
80
69
1261
72
66
212
116
66
3117
124
231
62
139
1244
1240
246
235
250
697
72
77
232
5591
117
103
692
143
189
1769
518
17892
77
72
58
90
1180
245
3468
54
177
54
481
752
525
205
5130
236
70
62
137
67
73
973
2867
114
52
257
4151
298
375
95
309
2391
442
217
57
421
293
58
807
323
163
43359
120
596
189
69
115
132
325
19166
2361
12315
3231
164
2651
55
238
2504
225
151
509
57
73
78
67
1954
713
123
8530
85
140
97
156
101
322
51
107
175
117
83
726
411
81
53
97
106
1704
4846
136
1352
73
118
60
135
206
132
303
325
1113
60
103
647
2152
116
63
74
650
214
163
363
68
1151
64
126
32072
101
97
201
261
97
1363
158269
244
91
762
60
140
53
125
2984
152
82
514
108
111
788
171
105
61
916
57
3911
67
72
317
406
242
82
211
155
354
193
150
18036
1092
359
4271
2465
613
9391
53
205
51
328
814
1804
60
388
4179
61
58
106
2188
55
90
81
67
61
61
1013
293
137
216
65
91
60
53
149
54
2027
132
457
96
59
78
873
51
166
327
103
1487
114
60
64
65
2371
1730
112
58
51
95
117
1064
101
143
68
106
67
67
67
85
479
541
292
498
103
63
2487
126
322
216
1544
142
708
155
803
20871
72
130
82
719
82
464
61
22657
69
130
156
21751
388
190
203
162
51
239
179
15168
239
498
59
1717
842
110
110
249
203
57
51
94
3941
215
382
112
1736
109
92
1625
12543
63
96
120
84
146823
1157
2819
355
55
1276
16820
597
892
897
155
303
352
399
512
76
13522
189
342
1171
101
57
1930
70
590
199
370
103
140
65
4063
588
11847
65
575
298
453
60
426
174
86
52
431
1612
105
6611
84
16306
2114
189
3568
111
2305
6561
430
287
110
17814
124
497
19364
62
529464
727
350
368
81191
11526
69
148
117
107
3180
56
147
8851
1423
79
1723
547
1643
238
79
208
1755
261
292
96
92
1186
165
112
65
164
428
381
18427
263
56
204
157
603
82
107
440
798
738
300
145
149
66
94
55
54
60
113
128
349
59
402
107
106
98
55
115
908
75
482
92
138
54
219
113
93
323
261
76
54
79
188
